{
  "nbformat": 4,
  "nbformat_minor": 0,
  "metadata": {
    "colab": {
      "provenance": []
    },
    "kernelspec": {
      "name": "python3",
      "display_name": "Python 3"
    },
    "language_info": {
      "name": "python"
    }
  },
  "cells": [
    {
      "cell_type": "code",
      "execution_count": null,
      "metadata": {
        "id": "QFE2Z3XEJQ6z"
      },
      "outputs": [],
      "source": []
    },
    {
      "cell_type": "markdown",
      "source": [
        "Importation des bibliothèques nécessaires"
      ],
      "metadata": {
        "id": "5IEdUN4J2bWF"
      }
    },
    {
      "cell_type": "code",
      "execution_count": null,
      "metadata": {
        "id": "AbUQ4HRxZHnz"
      },
      "outputs": [],
      "source": [
        "import random\n",
        "import math\n",
        "import matplotlib.pyplot as plt\n",
        "import itertools\n",
        "import numpy as np"
      ]
    },
    {
      "cell_type": "markdown",
      "source": [
        "Fonction pour générer des valeurs aléatoires"
      ],
      "metadata": {
        "id": "-4jGCa1w4AFZ"
      }
    },
    {
      "cell_type": "code",
      "source": [
        "def generate_random(x):\n",
        "  test = []\n",
        "  for _ in range(x):\n",
        "    random_number = random.randint(1, 40) # genere des nums entre 1 et 40\n",
        "    test.append(random_number)\n",
        "  return test"
      ],
      "metadata": {
        "id": "xqqaNU3OZtzX"
      },
      "execution_count": null,
      "outputs": []
    },
    {
      "cell_type": "markdown",
      "source": [
        "Fonction pour générer des valeurs aléatoires"
      ],
      "metadata": {
        "id": "vTqSnl9T4Ejw"
      }
    },
    {
      "cell_type": "code",
      "source": [
        "def generate_random_client(x):\n",
        "    test = []\n",
        "    while len(test) < x:\n",
        "        random_number = random.randint(1, 40)\n",
        "        if random_number not in test:\n",
        "            test.append(random_number)\n",
        "    return test"
      ],
      "metadata": {
        "id": "ryZrJZVtZ0fY"
      },
      "execution_count": null,
      "outputs": []
    },
    {
      "cell_type": "markdown",
      "source": [
        "Fonction pour générer la population avec un taille donnée"
      ],
      "metadata": {
        "id": "OWqxZxfQ4wba"
      }
    },
    {
      "cell_type": "code",
      "source": [
        "def generate_population(clients, population_size):\n",
        "    population = []\n",
        "    for _ in range(population_size):\n",
        "        random.shuffle(clients)  # Mélange aléatoire des coordonnées des clients\n",
        "        population.append(list(clients))  # Ajout d'un individu à la population\n",
        "    return population"
      ],
      "metadata": {
        "id": "dIuLQFGQaI-l"
      },
      "execution_count": null,
      "outputs": []
    },
    {
      "cell_type": "markdown",
      "source": [
        "Fonction pour calculer la distance entre paires de clients"
      ],
      "metadata": {
        "id": "NSUYt-rv6aFy"
      }
    },
    {
      "cell_type": "code",
      "source": [
        "def calculate_distance(x1, y1, x2, y2):\n",
        "    return math.sqrt((x2 - x1) ** 2 + (y2 - y1) ** 2)"
      ],
      "metadata": {
        "id": "1w9uF5R3icGW"
      },
      "execution_count": null,
      "outputs": []
    },
    {
      "cell_type": "markdown",
      "source": [
        "Fonction pour calculer la matrice de distance entre les clients"
      ],
      "metadata": {
        "id": "sxe_T9GB7Bz0"
      }
    },
    {
      "cell_type": "code",
      "source": [
        "def calculate_distance_matrix(client_coordinates):\n",
        "    num_clients = len(client_coordinates)\n",
        "    distance_matrix = [[0] * num_clients for _ in range(num_clients)]\n",
        "\n",
        "    for i in range(num_clients):\n",
        "        for j in range(num_clients):\n",
        "            if i != j:\n",
        "                x1, y1 = client_coordinates[i]\n",
        "                x2, y2 = client_coordinates[j]\n",
        "                distance = calculate_distance(x1, y1, x2, y2)\n",
        "                distance_matrix[i][j] = distance\n",
        "\n",
        "    return distance_matrix"
      ],
      "metadata": {
        "id": "PV-QiwEZiVFz"
      },
      "execution_count": null,
      "outputs": []
    },
    {
      "cell_type": "markdown",
      "source": [
        "Fonction pour calculer la matrice de distance de la consommation d'énergie"
      ],
      "metadata": {
        "id": "Uz1--Xag7Qe5"
      }
    },
    {
      "cell_type": "code",
      "source": [
        "def calculate_energy_consumption(speed, consumption_rate, distance_matrix):\n",
        "    energy_matrix = []\n",
        "\n",
        "    for i in range(len(distance_matrix)):\n",
        "        energy_row = [distance * consumption_rate / speed for distance in distance_matrix[i]]\n",
        "        energy_matrix.append(energy_row)\n",
        "\n",
        "    return energy_matrix\n"
      ],
      "metadata": {
        "id": "s_qoSOQjauw-"
      },
      "execution_count": null,
      "outputs": []
    },
    {
      "cell_type": "markdown",
      "source": [
        "Evaluation de la population"
      ],
      "metadata": {
        "id": "PTP8xWJc4-4y"
      }
    },
    {
      "cell_type": "code",
      "source": [
        "def evaluate_population(client_coordinates, speed, consumption_rate, population):\n",
        "    distances = []\n",
        "    energies = []\n",
        "    fitness_scores = []\n",
        "\n",
        "    distance_matrix = calculate_distance_matrix(client_coordinates)\n",
        "    energy_matrix = calculate_energy_consumption(speed, consumption_rate, distance_matrix)\n",
        "\n",
        "    for individual in population:\n",
        "\n",
        "        energy = sum(energy_matrix[i][j] for i, j in zip(individual[:-1], individual[1:]))\n",
        "        fitness_score = 1/(energy)\n",
        "        energies.append(energy)\n",
        "        fitness_scores.append(fitness_score)\n",
        "\n",
        "    return  energies, fitness_scores"
      ],
      "metadata": {
        "id": "E5C5tcA7bvgA"
      },
      "execution_count": null,
      "outputs": []
    },
    {
      "cell_type": "markdown",
      "source": [
        "Evaluation de chaque individu (fitness score)"
      ],
      "metadata": {
        "id": "GeI-5U5K47dE"
      }
    },
    {
      "cell_type": "code",
      "source": [
        "def evaluate_fitness(individual, client_coordinates, speed, consumption_rate):\n",
        "\n",
        "    distance_matrix = calculate_distance_matrix(client_coordinates)\n",
        "    energy_matrix = calculate_energy_consumption(speed, consumption_rate, distance_matrix)\n",
        "\n",
        "\n",
        "    energy = sum(energy_matrix[individual[i]][individual[i+1]] for i in range(len(individual) - 1))\n",
        "\n",
        "    # Fitness score is a combination of distance and energy\n",
        "    fitness_score = 1/(energy)\n",
        "\n",
        "    return fitness_score\n"
      ],
      "metadata": {
        "id": "0-mVSaB5hylf"
      },
      "execution_count": null,
      "outputs": []
    },
    {
      "cell_type": "markdown",
      "source": [
        "Séléctionner les parents"
      ],
      "metadata": {
        "id": "0y5Sr2YH5H3e"
      }
    },
    {
      "cell_type": "code",
      "source": [
        "\n",
        "def select_parents(population, num_parents):\n",
        "    parents = random.sample(population, num_parents)\n",
        "    return parents"
      ],
      "metadata": {
        "id": "DmUcmrObcTGc"
      },
      "execution_count": null,
      "outputs": []
    },
    {
      "cell_type": "markdown",
      "source": [
        "croisement des meilleurs parents pour générer les child (croisement avec deux points aléatoires)"
      ],
      "metadata": {
        "id": "1hENYJ575QyV"
      }
    },
    {
      "cell_type": "code",
      "source": [
        "import time\n",
        "def crossover(parents, crossover_rate):\n",
        "    start_time = time.time()\n",
        "    num_parents = len(parents)\n",
        "    num_genes = len(parents[0])  # Nombre de gènes dans chaque parent\n",
        "\n",
        "    children = []\n",
        "\n",
        "    for i in range(num_parents):\n",
        "        parent1 = parents[i]\n",
        "        parent2 = parents[(i + 1) % num_parents]  # Sélection du parent suivant pour assurer une boucle\n",
        "\n",
        "        if random.random() > crossover_rate:\n",
        "            children.append(parent1)\n",
        "            continue\n",
        "\n",
        "        # Création d'un tableau vide pour stocker les gènes déjà utilisés\n",
        "        used_genes = set()\n",
        "\n",
        "        # Génération de deux points de coupure uniques\n",
        "        point1, point2 = sorted(random.sample(range(1, num_genes - 1), 2))\n",
        "\n",
        "        # Création de l'enfant en préservant l'ordre des gènes de parent1 et en ajoutant les gènes de parent2\n",
        "        child = []\n",
        "        for gene in parent1[:point1]:\n",
        "            child.append(gene)\n",
        "            used_genes.add(gene)\n",
        "\n",
        "        for gene in parent2:\n",
        "            if gene not in used_genes:\n",
        "                child.append(gene)\n",
        "                used_genes.add(gene)\n",
        "\n",
        "        for gene in parent1[point2:]:\n",
        "            if gene not in used_genes:\n",
        "                child.append(gene)\n",
        "                used_genes.add(gene)\n",
        "\n",
        "        children.append(child)\n",
        "    end_time = time.time()\n",
        "    execution_time = (end_time - start_time) * 1000  # Convertir en millisecondes\n",
        "    print(\"Temps d'exécution de crossover:\", execution_time, \"millisecondes\")\n",
        "    return children\n"
      ],
      "metadata": {
        "id": "qR0D2BJBcjqm"
      },
      "execution_count": null,
      "outputs": []
    },
    {
      "cell_type": "markdown",
      "source": [
        "Fonction de mutation qui permet de changer les position des gènes trouver dans child de manière aléatoire"
      ],
      "metadata": {
        "id": "jtSSiDYW5Z8Y"
      }
    },
    {
      "cell_type": "code",
      "source": [
        "def mutation(children, mutation_rate):\n",
        "    mutated_children = []\n",
        "\n",
        "    for child in children:\n",
        "        if random.random() <= mutation_rate:\n",
        "            mutated_child = list(child)  # Convertir en une liste modifiable\n",
        "\n",
        "            # Générer deux positions de gènes uniques\n",
        "            gene_pos1, gene_pos2 = random.sample(range(len(child)), 2)\n",
        "\n",
        "            # Échanger les positions des gènes\n",
        "            mutated_child[gene_pos1], mutated_child[gene_pos2] = mutated_child[gene_pos2], mutated_child[gene_pos1]\n",
        "\n",
        "            mutated_children.append(mutated_child)\n",
        "        else:\n",
        "            mutated_children.append(child)\n",
        "\n",
        "    return mutated_children"
      ],
      "metadata": {
        "id": "ourN1d-Uc0-9"
      },
      "execution_count": null,
      "outputs": []
    },
    {
      "cell_type": "markdown",
      "source": [
        "Données (paramètres d'entrées)"
      ],
      "metadata": {
        "id": "A8rRUpji7oSR"
      }
    },
    {
      "cell_type": "code",
      "source": [
        "clients = generate_random_client(40) # les indices des clients\n",
        "population_size = 50 # taille de la population\n",
        "client_coordinates = {0: (0, 0), 1: (91, 29), 2: (93, 87),  3: (79, 36), 4: (17, 42), 5: (21, 5), 6: (40, 9), 7: (44, 42), 8: (23, 40),  9: (35, 34), 10: (77, 54), 11: (88, 31), 12: (51, 16), 13: (54, 84), 14: (60, 5), 15: (33, 69), 16: (47, 3), 17: (68, 78), 18: (83, 19), 19: (74, 57), 20: (38, 55), 21: (80, 92), 22: (42, 5), 23: (21, 52), 24: (94, 21), 25: (1, 22), 26: (53, 100), 27: (53, 93), 28: (61, 7), 29: (88, 17), 30: (12, 26),  31: (81, 32), 32: (38, 83), 33: (47, 64), 34: (46, 51), 35: (57, 64), 36: (18, 70), 37: (80, 87), 38: (7, 72), 39: (42, 48), 40: (64, 42)}\n",
        "demands = [8, 22, 27, 1, 5, 28, 2, 5, 8, 28, 8, 9, 27, 20, 31, 19, 11, 27, 20, 26, 21, 39, 19, 24, 27, 29, 13, 2, 5, 4, 38, 2, 20, 21, 5, 10, 19, 22, 14, 15] # les demandes des clients\n",
        "capacity = (2/3) * sum(demands) # capacité maximale\n",
        "k = 6\n",
        "num_parents = 2 # nombre de parents choisi\n",
        "crossover_rate = 0.8 # taux de croisement\n",
        "mutation_rate = 0.2 # taux de mutation\n",
        "num_generations = 100 # nombre de génération\n",
        "speed = 80 # vitesse\n",
        "consumption_rate = 0.1  # consommation spécifique en kWh/km"
      ],
      "metadata": {
        "id": "KK1bAaNids8u"
      },
      "execution_count": null,
      "outputs": []
    },
    {
      "cell_type": "code",
      "source": [
        "population = generate_population(clients, population_size)\n",
        "# Afficher chaque individu\n",
        "for individual in population:\n",
        "    print(individual)\n",
        "\n",
        "distance_matrix = calculate_distance_matrix(client_coordinates)\n",
        "for row in distance_matrix:\n",
        "  print(row)\n",
        "\n",
        "energy_matrix = calculate_energy_consumption(speed, consumption_rate, distance_matrix)\n",
        "for row in energy_matrix:\n",
        "  print(row)\n",
        "\n",
        "energies, fitness_scores = evaluate_population(client_coordinates, speed, consumption_rate, population)\n",
        "\n",
        "for i in range(len(population)):\n",
        "    print(f\"Individu {i+1} -  Consommation d'énergie : {energies[i]}, Fitness Score : {fitness_scores[i]}\")\n",
        "\n",
        "parents = select_parents(population, num_parents)\n",
        "for parent in parents:\n",
        "    print(\"Parent:\", parent )\n",
        "\n",
        "children  = crossover(parents, crossover_rate)\n",
        "for child in children:\n",
        "    print(\"child:\", child)\n",
        "\n",
        "mutated_children = mutation(children, mutation_rate)\n",
        "for child_mutate in mutated_children:\n",
        "  print(\"child mutate:\", child_mutate)"
      ],
      "metadata": {
        "id": "ANxkmw74d0h2",
        "colab": {
          "base_uri": "https://localhost:8080/"
        },
        "outputId": "98990374-f496-4276-edda-b97604974e32"
      },
      "execution_count": null,
      "outputs": [
        {
          "output_type": "stream",
          "name": "stdout",
          "text": [
            "[20, 34, 6, 35, 24, 1, 37, 19, 25, 2, 36, 12, 26, 31, 8, 11, 22, 17, 18, 23, 21, 30, 27, 38, 28, 9, 3, 7, 15, 32, 4, 14, 5, 10, 33, 39, 29, 40, 16, 13]\n",
            "[29, 23, 32, 15, 16, 5, 37, 28, 21, 34, 20, 9, 3, 35, 30, 22, 14, 8, 36, 2, 25, 40, 31, 4, 12, 1, 6, 19, 26, 13, 33, 11, 17, 24, 38, 10, 7, 18, 27, 39]\n",
            "[36, 8, 12, 37, 29, 32, 31, 34, 15, 33, 20, 18, 39, 40, 6, 11, 27, 30, 16, 14, 28, 19, 13, 35, 26, 7, 38, 1, 5, 24, 4, 23, 3, 22, 25, 9, 10, 17, 21, 2]\n",
            "[34, 22, 5, 23, 40, 6, 28, 33, 25, 11, 15, 20, 24, 35, 38, 16, 26, 10, 21, 29, 31, 7, 32, 9, 17, 8, 4, 12, 39, 14, 27, 19, 18, 1, 13, 30, 2, 37, 3, 36]\n",
            "[21, 4, 1, 10, 20, 37, 17, 39, 26, 18, 33, 31, 19, 30, 22, 38, 8, 5, 2, 16, 40, 28, 23, 34, 25, 7, 3, 27, 35, 13, 14, 15, 12, 9, 32, 36, 11, 6, 24, 29]\n",
            "[3, 5, 36, 23, 11, 7, 38, 30, 31, 22, 34, 39, 20, 40, 14, 13, 35, 8, 12, 24, 37, 33, 2, 25, 27, 17, 26, 1, 19, 15, 9, 16, 32, 10, 18, 21, 4, 29, 28, 6]\n",
            "[30, 6, 15, 18, 26, 27, 22, 7, 38, 11, 40, 24, 28, 34, 12, 25, 23, 1, 2, 4, 17, 31, 19, 10, 8, 20, 39, 36, 33, 13, 37, 16, 3, 9, 21, 35, 14, 32, 29, 5]\n",
            "[30, 36, 10, 33, 24, 32, 4, 34, 17, 9, 19, 29, 18, 11, 6, 14, 22, 7, 3, 12, 8, 16, 13, 39, 25, 21, 37, 20, 1, 5, 38, 28, 35, 15, 40, 2, 26, 27, 31, 23]\n",
            "[37, 24, 33, 31, 39, 2, 26, 5, 25, 8, 3, 6, 36, 1, 13, 21, 38, 32, 23, 4, 10, 7, 19, 14, 16, 27, 17, 20, 29, 18, 9, 12, 35, 11, 22, 15, 34, 40, 28, 30]\n",
            "[28, 25, 5, 20, 30, 17, 2, 24, 1, 9, 35, 7, 3, 11, 16, 37, 38, 23, 18, 40, 4, 32, 12, 13, 22, 29, 26, 19, 15, 33, 10, 14, 8, 21, 39, 34, 31, 6, 36, 27]\n",
            "[34, 33, 27, 12, 5, 18, 36, 8, 1, 28, 23, 22, 11, 31, 14, 15, 37, 10, 35, 39, 32, 30, 24, 38, 40, 19, 21, 3, 17, 25, 2, 26, 4, 9, 29, 20, 6, 7, 16, 13]\n",
            "[15, 37, 21, 18, 10, 5, 19, 39, 24, 3, 29, 22, 6, 17, 34, 26, 28, 16, 4, 35, 27, 38, 2, 1, 20, 11, 7, 9, 31, 13, 12, 25, 14, 8, 33, 40, 23, 30, 36, 32]\n",
            "[36, 23, 6, 33, 29, 40, 34, 8, 27, 9, 14, 38, 26, 4, 10, 31, 18, 17, 25, 30, 21, 19, 28, 3, 13, 7, 11, 1, 16, 20, 37, 15, 12, 35, 32, 2, 39, 24, 5, 22]\n",
            "[27, 37, 4, 33, 28, 39, 19, 24, 35, 22, 5, 32, 29, 7, 8, 23, 9, 18, 13, 38, 16, 20, 17, 1, 15, 34, 12, 31, 6, 14, 21, 3, 40, 36, 25, 2, 10, 11, 26, 30]\n",
            "[38, 13, 4, 22, 2, 24, 20, 27, 9, 14, 8, 33, 39, 26, 6, 19, 1, 12, 7, 29, 15, 18, 28, 36, 10, 25, 32, 16, 30, 23, 35, 5, 37, 17, 34, 11, 40, 31, 21, 3]\n",
            "[15, 25, 11, 17, 28, 9, 32, 35, 13, 20, 26, 40, 7, 24, 39, 3, 38, 2, 18, 22, 5, 1, 23, 27, 4, 14, 12, 34, 31, 8, 29, 30, 33, 10, 19, 6, 21, 36, 37, 16]\n",
            "[28, 35, 18, 30, 38, 7, 29, 36, 15, 39, 10, 23, 1, 11, 19, 8, 21, 27, 32, 14, 5, 3, 34, 12, 6, 20, 26, 25, 2, 37, 17, 16, 9, 33, 31, 4, 24, 22, 40, 13]\n",
            "[26, 20, 28, 39, 4, 13, 40, 3, 15, 8, 12, 25, 29, 30, 27, 6, 36, 23, 16, 34, 22, 32, 9, 7, 10, 35, 18, 17, 19, 5, 31, 24, 14, 21, 37, 38, 2, 1, 33, 11]\n",
            "[26, 4, 7, 33, 39, 1, 20, 19, 9, 37, 17, 24, 31, 5, 13, 14, 2, 38, 27, 8, 6, 23, 40, 10, 36, 35, 28, 3, 15, 18, 12, 30, 32, 34, 29, 11, 22, 21, 25, 16]\n",
            "[6, 39, 33, 11, 13, 14, 10, 37, 32, 21, 4, 3, 15, 8, 22, 38, 12, 19, 9, 2, 26, 34, 1, 17, 36, 7, 18, 5, 20, 31, 16, 23, 28, 35, 25, 30, 29, 40, 27, 24]\n",
            "[18, 17, 2, 6, 4, 14, 40, 10, 21, 28, 11, 25, 26, 33, 38, 5, 12, 34, 30, 19, 16, 36, 15, 35, 32, 8, 3, 23, 7, 29, 13, 22, 27, 9, 1, 37, 31, 24, 20, 39]\n",
            "[29, 40, 24, 20, 11, 5, 13, 30, 12, 6, 27, 17, 1, 35, 26, 34, 16, 19, 33, 39, 36, 2, 28, 18, 38, 21, 10, 3, 25, 23, 15, 31, 4, 14, 8, 37, 9, 22, 32, 7]\n",
            "[13, 21, 3, 23, 39, 8, 37, 32, 18, 14, 29, 33, 10, 12, 35, 20, 27, 5, 2, 1, 17, 22, 15, 38, 11, 7, 19, 28, 9, 30, 31, 36, 16, 6, 24, 40, 34, 25, 26, 4]\n",
            "[21, 11, 16, 22, 15, 37, 4, 5, 24, 35, 30, 26, 8, 3, 1, 18, 39, 10, 40, 12, 33, 23, 2, 6, 25, 19, 17, 13, 36, 20, 34, 14, 27, 31, 38, 7, 9, 32, 28, 29]\n",
            "[37, 28, 16, 6, 14, 31, 24, 35, 8, 15, 30, 38, 29, 10, 11, 33, 5, 25, 20, 7, 19, 32, 3, 18, 1, 9, 26, 27, 39, 22, 34, 17, 21, 4, 13, 23, 2, 36, 12, 40]\n",
            "[23, 33, 32, 29, 5, 12, 17, 30, 35, 6, 14, 2, 7, 39, 1, 13, 10, 16, 40, 38, 15, 28, 18, 34, 21, 26, 19, 22, 25, 37, 3, 20, 11, 31, 24, 27, 9, 36, 4, 8]\n",
            "[11, 8, 40, 9, 34, 35, 24, 31, 14, 23, 1, 2, 7, 39, 16, 19, 36, 28, 4, 32, 12, 15, 30, 20, 13, 22, 5, 6, 18, 29, 37, 33, 17, 3, 27, 10, 38, 25, 26, 21]\n",
            "[1, 12, 20, 33, 2, 14, 32, 17, 24, 21, 11, 5, 38, 16, 40, 18, 9, 8, 27, 39, 22, 4, 6, 3, 7, 37, 28, 23, 31, 35, 30, 25, 15, 19, 36, 13, 34, 26, 29, 10]\n",
            "[38, 22, 33, 19, 9, 20, 28, 1, 15, 3, 31, 7, 25, 11, 17, 23, 40, 6, 26, 30, 18, 36, 10, 16, 37, 35, 2, 34, 27, 13, 12, 8, 32, 29, 21, 4, 39, 5, 14, 24]\n",
            "[26, 12, 38, 20, 9, 6, 30, 28, 14, 15, 1, 27, 34, 23, 33, 18, 8, 39, 5, 25, 2, 13, 40, 21, 24, 4, 22, 17, 7, 32, 37, 10, 11, 35, 19, 29, 3, 36, 31, 16]\n",
            "[29, 18, 31, 21, 27, 23, 39, 9, 30, 26, 22, 24, 14, 35, 16, 20, 2, 38, 19, 25, 4, 8, 28, 33, 11, 7, 34, 15, 13, 6, 10, 1, 12, 37, 17, 36, 3, 32, 5, 40]\n",
            "[21, 36, 19, 20, 31, 23, 39, 26, 22, 5, 24, 2, 34, 1, 13, 9, 27, 33, 29, 18, 4, 25, 7, 32, 10, 15, 8, 28, 35, 38, 14, 6, 40, 30, 3, 37, 16, 12, 11, 17]\n",
            "[24, 12, 34, 38, 21, 17, 33, 1, 26, 39, 30, 27, 19, 22, 37, 3, 31, 40, 18, 28, 2, 13, 9, 29, 35, 14, 8, 16, 6, 11, 7, 25, 10, 23, 36, 4, 15, 20, 5, 32]\n",
            "[29, 31, 35, 20, 1, 2, 6, 17, 24, 11, 7, 16, 13, 39, 40, 33, 38, 14, 9, 5, 21, 12, 3, 28, 30, 19, 4, 34, 22, 26, 18, 15, 23, 25, 8, 37, 32, 36, 10, 27]\n",
            "[14, 12, 33, 23, 9, 3, 16, 2, 18, 8, 30, 28, 35, 38, 34, 40, 21, 36, 31, 24, 17, 7, 32, 20, 27, 39, 25, 29, 11, 22, 26, 1, 6, 15, 37, 13, 5, 10, 19, 4]\n",
            "[29, 13, 31, 25, 11, 34, 7, 12, 35, 9, 10, 27, 37, 2, 38, 3, 1, 39, 6, 36, 16, 30, 8, 24, 33, 22, 26, 19, 17, 15, 5, 4, 14, 32, 28, 20, 18, 21, 40, 23]\n",
            "[36, 1, 34, 32, 23, 31, 16, 6, 18, 10, 2, 14, 5, 9, 29, 13, 7, 35, 15, 40, 30, 22, 38, 19, 12, 4, 20, 37, 3, 33, 27, 39, 26, 24, 11, 21, 28, 8, 17, 25]\n",
            "[14, 32, 28, 5, 2, 1, 9, 18, 30, 13, 19, 33, 3, 21, 39, 29, 15, 35, 36, 40, 24, 16, 37, 22, 25, 10, 7, 38, 12, 6, 4, 8, 34, 26, 11, 31, 17, 20, 23, 27]\n",
            "[36, 17, 22, 12, 35, 8, 25, 38, 32, 10, 23, 6, 5, 2, 20, 16, 9, 21, 28, 3, 37, 4, 19, 11, 13, 7, 40, 27, 30, 29, 14, 18, 33, 26, 31, 1, 34, 24, 15, 39]\n",
            "[24, 31, 21, 35, 20, 30, 22, 33, 17, 10, 13, 29, 11, 7, 38, 37, 12, 28, 36, 25, 9, 2, 18, 3, 14, 15, 34, 40, 4, 6, 23, 19, 1, 16, 39, 32, 8, 5, 27, 26]\n",
            "[40, 9, 29, 28, 31, 13, 12, 10, 33, 36, 7, 15, 4, 5, 26, 38, 2, 6, 30, 23, 27, 39, 21, 11, 18, 3, 16, 14, 22, 24, 25, 19, 8, 35, 20, 17, 32, 37, 34, 1]\n",
            "[39, 29, 16, 13, 23, 5, 32, 9, 28, 18, 12, 25, 38, 27, 31, 37, 40, 8, 3, 24, 19, 15, 7, 6, 4, 33, 34, 10, 35, 1, 17, 36, 22, 20, 30, 26, 14, 11, 21, 2]\n",
            "[18, 6, 5, 23, 11, 27, 34, 17, 15, 10, 26, 12, 32, 36, 3, 8, 9, 33, 24, 7, 35, 19, 13, 2, 37, 20, 25, 29, 39, 28, 22, 31, 21, 16, 14, 40, 4, 1, 30, 38]\n",
            "[3, 40, 2, 4, 13, 5, 15, 20, 8, 33, 26, 7, 28, 6, 27, 37, 22, 9, 14, 32, 12, 25, 18, 21, 36, 23, 1, 34, 38, 10, 17, 31, 19, 29, 39, 11, 30, 16, 35, 24]\n",
            "[39, 22, 40, 28, 10, 18, 26, 29, 32, 36, 38, 7, 19, 15, 23, 13, 20, 33, 37, 4, 24, 9, 8, 31, 1, 11, 34, 14, 25, 2, 5, 30, 21, 17, 6, 3, 35, 12, 27, 16]\n",
            "[27, 26, 22, 7, 18, 8, 16, 35, 11, 36, 12, 4, 6, 34, 9, 32, 1, 10, 40, 33, 37, 2, 30, 14, 29, 5, 25, 3, 24, 21, 31, 13, 39, 20, 28, 17, 23, 15, 19, 38]\n",
            "[5, 33, 17, 35, 25, 27, 9, 11, 7, 4, 38, 8, 3, 36, 21, 20, 16, 1, 28, 22, 14, 23, 10, 12, 18, 29, 32, 24, 2, 39, 30, 15, 37, 31, 6, 19, 34, 40, 13, 26]\n",
            "[10, 31, 33, 14, 4, 11, 26, 20, 12, 38, 2, 1, 29, 22, 19, 36, 39, 30, 7, 6, 16, 21, 8, 25, 35, 37, 18, 28, 9, 23, 17, 13, 5, 34, 24, 32, 40, 27, 15, 3]\n",
            "[7, 21, 26, 6, 3, 10, 38, 25, 40, 17, 28, 11, 14, 34, 39, 29, 37, 9, 19, 1, 12, 33, 2, 30, 18, 35, 8, 31, 24, 32, 36, 16, 4, 22, 27, 13, 20, 23, 5, 15]\n",
            "[1, 10, 17, 20, 29, 33, 5, 38, 16, 40, 28, 15, 24, 12, 21, 19, 30, 22, 2, 18, 36, 32, 11, 31, 4, 3, 13, 6, 23, 35, 34, 25, 14, 27, 26, 7, 8, 37, 9, 39]\n",
            "[0, 95.50916186418976, 127.34991166074674, 86.81589716175259, 45.31004303683677, 21.587033144922902, 41.0, 60.8276253029822, 46.14108798023731, 48.79549159502341, 94.04786015641186, 93.30058949438637, 53.45091205957107, 99.85990186255943, 60.207972893961475, 76.48529270389177, 47.095647357266465, 103.47946656221224, 85.14693182963201, 93.40770846134703, 66.85057965343307, 121.91800523302537, 42.2965719651132, 56.08029957123981, 96.317184344228, 22.02271554554524, 113.17685275708986, 107.0420478129973, 61.40032573203501, 89.62700485902673, 28.635642126552707, 87.09190547921202, 91.28526715741155, 79.40403012442127, 68.6804193347711, 85.70297544426332, 72.27724399837061, 118.1905241548577, 72.3394774656273, 63.7808748764079, 76.55063683601855]\n",
            "[95.50916186418976, 0, 58.034472514187634, 13.892443989449804, 75.13321502504735, 74.0, 54.78138369920935, 48.76474136094644, 68.8839603971781, 56.22277118748239, 28.653097563788805, 3.605551275463989, 42.05948168962618, 66.2872536767062, 39.20459156782532, 70.45565981523414, 51.10772935672255, 54.12947441089743, 12.806248474865697, 32.7566787083184, 59.033888572581766, 63.953107821277925, 54.56189146281496, 73.68174807915459, 8.54400374531753, 90.27181176868004, 80.52949770115296, 74.43117626371358, 37.20215047547655, 12.36931687685298, 79.05694150420949, 10.44030650891055, 75.66372975210778, 56.22277118748239, 50.08991914547278, 48.79549159502341, 83.72574275573791, 59.033888572581766, 94.36630754670864, 52.55473337388365, 29.966648127543394]\n",
            "[127.34991166074674, 58.034472514187634, 0, 52.88667128870941, 88.32326986700618, 109.12378292562992, 94.30270409696638, 66.52818951391959, 84.31488599292535, 78.56844150166147, 36.6742416417845, 56.22277118748239, 82.49242389456137, 39.11521443121589, 88.3911760301898, 62.6418390534633, 95.77055915050303, 26.570660511172846, 68.73136110975832, 35.510561809129406, 63.631753079732135, 13.92838827718412, 96.56603957913983, 80.05623023850174, 66.007575322837, 112.6454615153225, 42.05948168962618, 40.44749683231337, 86.16263691415206, 70.178344238091, 101.40019723846694, 56.293871780150276, 55.14526271584895, 51.42956348249516, 59.20304046246274, 42.720018726587654, 76.90253571892151, 13.0, 87.29833904490967, 64.20280367709809, 53.53503525729669]\n",
            "[86.81589716175259, 13.892443989449804, 52.88667128870941, 0, 62.289646009589745, 65.76473218982953, 47.43416490252569, 35.510561809129406, 56.142675390472796, 44.04543109109048, 18.110770276274835, 10.295630140987, 34.40930106817051, 54.120236510939236, 36.359317925395686, 56.61271941887264, 45.967379738244816, 43.41658669218482, 17.46424919657298, 21.587033144922902, 45.18849411078001, 56.00892785976178, 48.27007354458868, 60.166435825965294, 21.213203435596427, 79.2464510246358, 69.07966415668217, 62.64982043070834, 34.132096331752024, 21.02379604162864, 67.7421582177598, 4.47213595499958, 62.369864518050704, 42.5205832509386, 36.24913792078372, 35.608987629529715, 69.83552104767315, 51.0098029794274, 80.49844718999243, 38.897300677553446, 16.15549442140351]\n",
            "[45.31004303683677, 75.13321502504735, 88.32326986700618, 62.289646009589745, 0, 37.21558813185679, 40.22437072223753, 27.0, 6.324555320336759, 19.697715603592208, 61.18823416311342, 71.84705978674423, 42.80186911806539, 55.97320787662612, 56.72741841473134, 31.38470965295043, 49.20365840057018, 62.42595614005443, 69.8927750200262, 58.9406481131655, 24.698178070456937, 80.43009387039157, 44.654227123532216, 10.770329614269007, 79.81227975693966, 25.612496949731394, 68.26419266350405, 62.42595614005443, 56.22277118748239, 75.27283706623525, 16.76305461424021, 64.77653896280658, 46.06517122512408, 37.20215047547655, 30.364452901377952, 45.65084884205331, 28.0178514522438, 77.42092740338364, 31.622776601683793, 25.709920264364882, 47.0]\n",
            "[21.587033144922902, 74.0, 109.12378292562992, 65.76473218982953, 37.21558813185679, 0, 19.4164878389476, 43.56604182158393, 35.05709628591621, 32.202484376209235, 74.41102068914255, 71.8679344353238, 31.953090617340916, 85.61541917201598, 39.0, 65.11528238439882, 26.076809620810597, 86.82165628459296, 63.56099432828282, 74.24957912338628, 52.81098370604357, 105.11898020814318, 21.0, 47.0, 74.73285756613352, 26.248809496813376, 100.24470060806208, 93.637599285757, 40.049968789001575, 68.06614430096654, 22.847319317591726, 65.79513659838392, 79.83107164506812, 64.47480127925948, 52.354560450833695, 69.1158447825099, 65.06919393998976, 101.01980003939822, 68.4470598345904, 47.853944456021594, 56.72741841473134]\n",
            "[41.0, 54.78138369920935, 94.30270409696638, 47.43416490252569, 40.22437072223753, 19.4164878389476, 0, 33.24154027718932, 35.35533905932738, 25.495097567963924, 58.25804665451803, 52.80151512977634, 13.038404810405298, 76.2954782408499, 20.396078054371138, 60.40695324215582, 9.219544457292887, 74.46475676452586, 44.14748010928823, 58.82176467941097, 46.04345773288535, 92.13576938409967, 4.47213595499958, 47.01063709417264, 55.31726674375732, 41.10960958218893, 91.92388155425118, 85.0, 21.095023109728988, 48.662100242385755, 32.7566787083184, 47.01063709417264, 74.02702209328699, 55.44366510251645, 42.42640687119285, 57.56735185849702, 64.8459713474939, 87.65842800324451, 71.11961754677819, 39.05124837953327, 40.80441152620633]\n",
            "[60.8276253029822, 48.76474136094644, 66.52818951391959, 35.510561809129406, 27.0, 43.56604182158393, 33.24154027718932, 0, 21.095023109728988, 12.041594578792296, 35.11409973215888, 45.35416188179427, 26.92582403567252, 43.174066289845804, 40.311288741492746, 29.154759474226502, 39.11521443121589, 43.266615305567875, 45.27692569068709, 33.54101966249684, 14.317821063276353, 61.61168720299745, 37.05401462729781, 25.079872407968907, 54.230987451824994, 47.4236228055175, 58.69412236331676, 51.78802950489621, 38.91015291668744, 50.60632371551998, 35.77708763999664, 38.3275357934736, 41.43669871020132, 22.20360331117452, 9.219544457292887, 25.553864678361276, 38.2099463490856, 57.62811813689564, 47.634021455258214, 6.324555320336759, 20.0]\n",
            "[46.14108798023731, 68.8839603971781, 84.31488599292535, 56.142675390472796, 6.324555320336759, 35.05709628591621, 35.35533905932738, 21.095023109728988, 0, 13.416407864998739, 55.78530272392541, 65.62011886609167, 36.87817782917155, 53.823786563191554, 50.93132631298737, 30.675723300355934, 44.10215414239989, 58.89821729050889, 63.56886030125127, 53.75872022286245, 21.213203435596427, 77.15568676384133, 39.824615503479755, 12.165525060596439, 73.49829930005184, 28.42534080710379, 67.08203932499369, 60.90155991434045, 50.32891812864648, 68.9492567037528, 17.804493814764857, 58.54912467321779, 45.5411901469428, 33.94112549695428, 25.495097567963924, 41.617304093369626, 30.4138126514911, 73.87827826905551, 35.77708763999664, 20.615528128088304, 41.048751503547585]\n",
            "[48.79549159502341, 56.22277118748239, 78.56844150166147, 44.04543109109048, 19.697715603592208, 32.202484376209235, 25.495097567963924, 12.041594578792296, 13.416407864998739, 0, 46.51881339845203, 53.08483775994799, 24.08318915758459, 53.48831648126533, 38.28837943815329, 35.05709628591621, 33.24154027718932, 55.0, 50.28916384272063, 45.27692569068709, 21.213203435596427, 73.40980860893181, 29.832867780352597, 22.80350850198276, 60.41522986797286, 36.05551275463989, 68.41052550594829, 61.68468205316454, 37.48332962798263, 55.65968020030299, 24.351591323771842, 46.04345773288535, 49.09175083453431, 32.31098884280702, 20.248456731316587, 37.20215047547655, 39.81205847478876, 69.52697318307479, 47.20169488482379, 15.652475842498529, 30.083217912982647]\n",
            "[94.04786015641186, 28.653097563788805, 36.6742416417845, 18.110770276274835, 61.18823416311342, 74.41102068914255, 58.25804665451803, 35.11409973215888, 55.78530272392541, 46.51881339845203, 0, 25.495097567963924, 46.04345773288535, 37.8021163428716, 51.86520991955976, 46.486557196677836, 59.16924876994806, 25.632011235952593, 35.510561809129406, 4.242640687119285, 39.01281840626232, 38.118237105091836, 60.21627686929839, 56.0357029044876, 37.12142238654117, 82.46211251235322, 51.884487084291386, 45.79301256742124, 49.64876634922564, 38.600518131237564, 70.77428911688199, 22.360679774997898, 48.60041152089147, 31.622776601683793, 31.144823004794873, 22.360679774997898, 61.1310068623117, 33.13608305156178, 72.27724399837061, 35.510561809129406, 17.69180601295413]\n",
            "[93.30058949438637, 3.605551275463989, 56.22277118748239, 10.295630140987, 71.84705978674423, 71.8679344353238, 52.80151512977634, 45.35416188179427, 65.62011886609167, 53.08483775994799, 25.495097567963924, 0, 39.92492955535426, 62.96824596572466, 38.2099463490856, 66.85057965343307, 49.64876634922564, 51.07837115648854, 13.0, 29.5296461204668, 55.46169849544819, 61.5223536610881, 52.839379254491625, 70.21395872616783, 11.661903789690601, 87.46427842267951, 77.3692445355388, 71.19691004531025, 36.124783736376884, 14.0, 76.16429609731846, 7.0710678118654755, 72.13875518748573, 52.630789467763066, 46.51881339845203, 45.27692569068709, 80.1311425102625, 56.568542494923804, 90.78546139112804, 49.040799340956916, 26.40075756488817]\n",
            "[53.45091205957107, 42.05948168962618, 82.49242389456137, 34.40930106817051, 42.80186911806539, 31.953090617340916, 13.038404810405298, 26.92582403567252, 36.87817782917155, 24.08318915758459, 46.04345773288535, 39.92492955535426, 0, 68.06614430096654, 14.212670403551895, 55.97320787662612, 13.601470508735444, 64.28841264178172, 32.14031735997639, 47.01063709417264, 41.10960958218893, 81.34494452638098, 14.212670403551895, 46.861498055439924, 43.289721643826724, 50.35871324805669, 84.02380615040002, 77.02596964660685, 13.45362404707371, 37.013511046643494, 40.26164427839479, 34.0, 68.24954212300622, 48.16637831516918, 35.35533905932738, 48.373546489791295, 63.28506932918696, 76.69419795525604, 71.21797525905943, 33.24154027718932, 29.068883707497267]\n",
            "[99.85990186255943, 66.2872536767062, 39.11521443121589, 54.120236510939236, 55.97320787662612, 85.61541917201598, 76.2954782408499, 43.174066289845804, 53.823786563191554, 53.48831648126533, 37.8021163428716, 62.96824596572466, 68.06614430096654, 0, 79.22752047110903, 25.80697580112788, 81.30190649671138, 15.231546211727817, 71.17583859709698, 33.60059523282288, 33.12099032335839, 27.202941017470888, 79.90619500389191, 45.967379738244816, 74.62573282722254, 81.5659242576212, 16.0312195418814, 9.055385138137417, 77.31752712031083, 75.13321502504735, 71.61005515987263, 58.59180830116101, 16.0312195418814, 21.18962010041709, 33.95585369269929, 20.223748416156685, 38.62641583165593, 26.1725046566048, 48.507731342539614, 37.94733192202055, 43.174066289845804]\n",
            "[60.207972893961475, 39.20459156782532, 88.3911760301898, 36.359317925395686, 56.72741841473134, 39.0, 20.396078054371138, 40.311288741492746, 50.93132631298737, 38.28837943815329, 51.86520991955976, 38.2099463490856, 14.212670403551895, 79.22752047110903, 0, 69.46221994724903, 13.152946437965905, 73.43704787094863, 26.92582403567252, 53.85164807134504, 54.62600113499065, 89.26925562588724, 18.0, 61.07372593840988, 37.57658845611187, 61.40032573203501, 95.25754563287887, 88.2779700718135, 2.23606797749979, 30.463092423455635, 52.392747589718944, 34.20526275297414, 81.04319835741924, 60.41522986797286, 48.08326112068523, 59.07622195096772, 77.38862965578342, 84.40379138403677, 85.42833253669417, 46.61544808322666, 37.21558813185679]\n",
            "[76.48529270389177, 70.45565981523414, 62.6418390534633, 56.61271941887264, 31.38470965295043, 65.11528238439882, 60.40695324215582, 29.154759474226502, 30.675723300355934, 35.05709628591621, 46.486557196677836, 66.85057965343307, 55.97320787662612, 25.80697580112788, 69.46221994724903, 0, 67.468511173732, 36.138621999185304, 70.71067811865476, 42.720018726587654, 14.866068747318506, 52.32590180780452, 64.6297145282261, 20.808652046684813, 77.62087348130012, 56.859475903318, 36.89173349139343, 31.240998703626616, 68.0294054067798, 75.69015788066504, 47.853944456021594, 60.60528029800704, 14.866068747318506, 14.866068747318506, 22.20360331117452, 24.515301344262525, 15.033296378372908, 50.32891812864648, 26.1725046566048, 22.847319317591726, 41.10960958218893]\n",
            "[47.095647357266465, 51.10772935672255, 95.77055915050303, 45.967379738244816, 49.20365840057018, 26.076809620810597, 9.219544457292887, 39.11521443121589, 44.10215414239989, 33.24154027718932, 59.16924876994806, 49.64876634922564, 13.601470508735444, 81.30190649671138, 13.152946437965905, 67.468511173732, 0, 77.88452991448301, 39.395431207184416, 60.37383539249432, 52.773099207835045, 94.92101980067429, 5.385164807134504, 55.47071299343465, 50.32891812864648, 49.76946855251722, 97.18538984847466, 90.19977827023745, 14.560219778561036, 43.32435804486894, 41.88078318274385, 44.68780594300866, 80.50465825031493, 61.0, 48.010415536631214, 61.814237842102365, 73.00684899377592, 90.24965373894794, 79.75587752636166, 45.27692569068709, 42.5440947723653]\n",
            "[103.47946656221224, 54.12947441089743, 26.570660511172846, 43.41658669218482, 62.42595614005443, 86.82165628459296, 74.46475676452586, 43.266615305567875, 58.89821729050889, 55.0, 25.632011235952593, 51.07837115648854, 64.28841264178172, 15.231546211727817, 73.43704787094863, 36.138621999185304, 77.88452991448301, 0, 60.876925020897694, 21.840329667841555, 37.8021163428716, 18.439088914585774, 77.4919350642375, 53.71219600798314, 62.64982043070834, 87.32124598286491, 26.627053911388696, 21.213203435596427, 71.34423592694787, 64.19501538281614, 76.4198926981712, 47.80167361086848, 30.4138126514911, 25.238858928247925, 34.828149534535996, 17.804493814764857, 50.635955604688654, 15.0, 61.29437168288782, 39.698866482558415, 36.22154055254967]\n",
            "[85.14693182963201, 12.806248474865697, 68.73136110975832, 17.46424919657298, 69.8927750200262, 63.56099432828282, 44.14748010928823, 45.27692569068709, 63.56886030125127, 50.28916384272063, 35.510561809129406, 13.0, 32.14031735997639, 71.17583859709698, 26.92582403567252, 70.71067811865476, 39.395431207184416, 60.876925020897694, 0, 39.05124837953327, 57.62811813689564, 73.06161783043132, 43.32435804486894, 70.2353187506115, 11.180339887498949, 82.05485969764375, 86.37708029332781, 79.84985911070852, 25.059928172283335, 5.385164807134504, 71.34423592694787, 13.152946437965905, 78.2368199762746, 57.62811813689564, 48.91829923454004, 51.97114584074513, 82.61961026293939, 68.06614430096654, 92.65527507918802, 50.21951811795888, 29.832867780352597]\n",
            "[93.40770846134703, 32.7566787083184, 35.510561809129406, 21.587033144922902, 58.9406481131655, 74.24957912338628, 58.82176467941097, 33.54101966249684, 53.75872022286245, 45.27692569068709, 4.242640687119285, 29.5296461204668, 47.01063709417264, 33.60059523282288, 53.85164807134504, 42.720018726587654, 60.37383539249432, 21.840329667841555, 39.05124837953327, 0, 36.05551275463989, 35.510561809129406, 61.05735008989499, 53.23532661682466, 41.182520563948, 80.95677859203639, 47.853944456021594, 41.677331968349414, 51.66236541235796, 42.37924020083418, 69.31810730249349, 25.96150997149434, 44.40720662234904, 27.892651361962706, 28.635642126552707, 18.384776310850235, 57.48912940721924, 30.59411708155671, 68.65857557508748, 33.24154027718932, 18.027756377319946]\n",
            "[66.85057965343307, 59.033888572581766, 63.631753079732135, 45.18849411078001, 24.698178070456937, 52.81098370604357, 46.04345773288535, 14.317821063276353, 21.213203435596427, 21.213203435596427, 39.01281840626232, 55.46169849544819, 41.10960958218893, 33.12099032335839, 54.62600113499065, 14.866068747318506, 52.773099207835045, 37.8021163428716, 57.62811813689564, 36.05551275463989, 0, 55.97320787662612, 50.15974481593781, 17.26267650163207, 65.5133574166368, 49.57822102496216, 47.43416490252569, 40.85339643163099, 53.225933528685054, 62.80127387243033, 38.948684188300895, 48.76474136094644, 28.0, 12.727922061357855, 8.94427190999916, 21.02379604162864, 25.0, 52.80151512977634, 35.35533905932738, 8.06225774829855, 29.068883707497267]\n",
